13.191135	0	0	5	1
17.829285	0	576560	6	1
24.314779	0	0	24	1
25.911729	0	28601	12	0
29.792530	0	41822	15	1
38.031193	0	157222	32	1
39.336402	0	657159	3	1
51.718707	0	21	21	1
53.991609	0	602470	1	1
58.738070	0	42	15	1
63.421890	0	9	24	1
68.781676	0	537981	1	1
78.399325	0	602471	1	1
82.220330	0	1080362	21	1
84.914309	0	41828	50	1
86.795436	0	530055	1	0
96.648630	0	602472	1	1
97.678305	0	532834	1	1
112.442862	0	1369749	12	0
116.981986	0	602678	1	1
119.252334	0	1369789	12	1
119.613569	0 59	1	1
130.823237	0	41878	15	1
133.018774	0 361135	1	1
134.155099	0	602677	2	1
135.554099	0	517463	1	1
140.857140	0	518084	24	1
145.568296	0	28553	12	1
145.868676	0	28566	6	1
146.425390	0	18	15	1
153.723669	0	15	3	1
165.275917	0	36	15	0
170.407544	0	826863	15	1
183.329584	0	517467	24	1
197.052576	0	1034855	6	1
205.261085	0	1080382	21	0
212.546961	0	1197717	2	1
219.213192	0	561138	15	1
232.062948	0	25185	1	0
239.843899	0	1034861	1	1
244.235673	0	517467	24	1
252.952448	0	57	21	1
290.432166	0	637619	6	1
309.906702	0	637679	1	1
312.927712	0	561078	1	1
330.218619	0	1034846	15	0
338.657523	0	394012	12	1
371.373360	0	394024	18	1
392.188359	0	726429	21	1
411.550798	0	394162	27	1
417.271109	0	1197767	15	0
434.667690	0	1515435	1	1
445.960943	0	394237	1	1
488.932930	0	25246	15	1
502.763898	0	394038	1	1
512.140122	0	1638506	16	1
533.088108	0	530056	1	1
533.821710	0	299920	1	1
543.102666	0	342878	15	1
557.092340	0	302123	15	0
564.855626	0	1638522	21	1
567.812628	0	1835801	21	1
586.325153	0	530057	30	1
589.831210	0	561141	6	1
592.394144	0	1783341	21	1
601.582015	0	342893	15	1
625.728381	0	1783361	15	1
629.712562	0	342833	15	1
654.779215	0	479852	12	1
656.829589	0	699653	6	1
667.093023	0	1961262	21	1
668.392035	0	597929	33	1
669.906553	0	1783355	21	1
683.105098	0	699743	16	1
692.033135	0	479867	1	1
707.692429	0	699637	15	1
729.929317	0	1078414	6	1
734.324733	0	597917	1	1
742.071930	0	597879	6	0
751.966248	0	1978558	1	1
754.242306	0	602679	1	1
756.981590	0	1078438	15	1
761.827219	0	657536	15	1
783.521504	0	602680	1	1
797.158689	0	597885	1	1
798.683620	0	1889924	15	1
799.312832	0	602460	1	1
811.422520	0	1078326	12	1
818.809910	0	302138	24	0
825.316118	0	602900	1	0
830.340276	0	1783376	21	1
842.071716	0	602901	1	0
842.718791	0	1889954	15	1
849.206643	0	1030776	1	1
858.664248	0	602902	1	1
866.965862	0	812930	33	1
875.542710	0	602903	1	1
878.065831	0	302160	51	0
882.828918	0	624583	1	1
890.438769	0	989880	1	1
895.399918	0	302185	15	0
899.403687	0	812948	1	1
911.674516	0	302200	3	1
912.691836	0	1739419	21	0
943.542322	0	292207	15	1
947.255153	0	529848	1	1
962.343399	0	602461	1	1
969.800493	0	1889969	6	0
969.997199	0	989881	1	1
985.121369	0	1030778	27	1
987.910657	0	529846	1	1
1015.857683	0	602690	1	1
1026.676679	0	494820	12	1
1032.543296	0	602691	1	0
1033.664262	0	291804	1	1
1041.381045	0	529892	1	1
1049.627478	0	602692	1	1
1090.701882	0	32389	12	1
1098.364748	0	602461	1	1
1100.957575	0	32402	1	1
1115.487564	0	1814419	21	1
1136.181077	0	1597772	15	0
1150.043580	0	602462	1	1
1155.864131	0	911839	12	1
1167.286254	0	602495	1	1
1184.228342	0	602496	1	1
1196.639737	0	1814461	21	0
1201.267050	0	210172	1	1
1277.082500	0	731704	15	1
1300.804807	0	670112	12	1
1333.997593	0	1061269	1	1
1336.534451	0	1820453	15	1
1336.648027	0	1821847	33	1
1396.827471	0	210173	1	1
1434.532237	0	911852	15	1
1451.266353	0	211260	6	1
1467.653199	0	211266	1	1
1467.747919	0	1820468	15	0
1483.399709	0	210175	1	1
1497.658438	0	1820468	12	1
1501.018500	0	752705	6	1
1507.549989	0	210176	1	1
1527.829919	0	752702	30	1
1539.986102	0	826569	15	1
1581.861698	0	752749	1	1
1584.904473	0	210177	1	1
1619.424943	0	711637	2	1
1638.367316	0	210178	16	1
1655.198988	0	210194	1	1
1663.589766	0	752750	1	1
1671.971910	0	211264	3	0
1691.094345	0	211267	1	1
1708.726399	0	211268	1	1
1722.569768	0	210194	1	1
1799.471628	0	752755	1	1
1832.986820	0	211268	1	1
1898.589158	0 463045	1	1
1929.462994	0	143306	1	1
1932.163027	0 463387	16	1
1939.650075	0	752869	30	1
1948.420235	0	1030817	15	1
1951.041435	0 463403	7	0
1956.557812	0	752903	1	1
1961.569506	0 463046	1	0
1962.472227	0	626765	15	1
1965.551429	0	752903	1	1
1968.070622	0	754584	15	1
1989.014550	0	1031107	15	1
1998.603995	0	1030760	15	1
2003.581684	0 462542	1	0
2006.901972	0	1009416	1	1
2044.960860	0	1009507	15	1
2060.072954	0	1009523	1	1
2069.550384	0	320907	15	1
2100.933428	0 462546	16	0
2119.281993	0	320922	12	1
2145.721412	0 463046	1	0
2168.984861	0 463047	1	0
2171.972260	0	1820480	3	0
2177.280627	0	1820480	15	1
2204.436987	0 337332	1	1
2216.874225	0	1814314	6	0
2218.495333	0 463047	1	1
2228.507900	0 463260	1	1
2262.602052	0	2052828	15	0
2289.774276	0	624628	1	1
2293.289609	0	1775114	12	0
2311.881207	0 463050	5	1
2318.985933	0	626993	15	1
2337.266071	0 901154	8	1
2344.057290	0	2052783	15	1
2358.429764	0	1775111	3	1
2448.847398	0	1775096	1	1
2465.070555	0 1087156	5	1
2487.190969	0 1087201	3	1
2518.625011	0	2052802	15	1
2539.661786	0 901161	1	1
2670.505572	0	2008636	3	0
2747.428122	0	1061315	21	1
2981.309078	0	143307	1	0
2989.084665	0	1030739	1	1
3050.093646	0	936676	21	1
3073.668311	0	1513139	15	1
3073.914048	0	636511	1	1
3088.535053	0	1432696	3	0
3100.890621	0	924571	12	1
3120.715570	0	288418	15	0
3137.604010	0	1198223	12	1
3143.800314	0	1414879	15	1
3171.192443	0	1311648	1	1
3181.532734	0	1513208	1	1
3204.881228	0	1661873	30	1
3219.017865	0	1311661	1	1
3236.366467	0	1513461	6	1
3258.921064	0	1201764	2	1
3260.249107	0	1414893	3	1
3290.274060	0	1678188	15	1
3292.500178	0	804175	1	1
3296.308277	0	1678185	1	1
3316.481915	0	2028514	1	1
3407.875455	0	1413758	6	1
3410.258421	0	941366	21	1
3425.710018	0	2027950	15	1
3456.058260	0	2027718	1	1
3481.611158	0	2027746	12	1
3520.486226	0	1891116	21	1
3521.743350	0	1413763	15	1
3534.279950	0	2029946	32	1
3563.407095	0	1068475	1	0
3597.774041	0	1068467	1	1
3610.006000	0	2027782	6	1
3610.729283	0	1714220	1	1
3615.080158	0	2027746	6	1
3673.776944	0	2027650	16	1
3684.585181	0	1891116	21	1
3693.365054	0	1043362	15	1
3709.148777	0	1414881	3	1
3712.687688	0	876383	1	1
3741.191182	0	2027750	15	1
3753.633265	0	875372	15	1
3774.386802	0	2027618	15	1
3784.958565	0	1130903	12	1
3796.233423	0	1804345	12	0
3804.526807	0	1095647	1	1
3808.613493	0	1094687	12	0
3817.610426	0	1714219	1	1
3818.335085	0	2027765	6	1
3821.479786	0	859239	1	1
3821.797923	0	1080443	21	1
3825.771499	0	894958	1	1
3828.588858	0	1804351	15	0
3842.559036	0	534139	6	1
3853.287808	0	1076241	21	1
3878.528799	0	5043	1	1
3882.907830	0	1763969	1	1
3916.721460	0	1764241	15	1
3930.598982	0	5020	1	1
3976.784600	0	1764256	15	1
3987.140161	0	1100223	21	1
4002.052952	0	1076262	21	1
4021.250368	0	1764271	15	1
4049.081835	0	1103582	21	1
4096.182544	0	663673	21	0
4126.649000	0	1764421	15	1
4143.436110	0	640005	1	1
4151.214162	0	756128	15	0
4152.061214	0	756277	15	0
4161.334366	0	641808	21	1
4173.694074	0	663694	21	1
4191.168905	0	627005	50	1
4220.099385	0	850470	1	1
4228.134998	0	753555	6	1
4242.449944	0	756352	12	1
4244.931790	0	612627	16	1
4294.294104	0	753561	15	1
4294.559178	0	613174	15	0
4307.759144	0	613264	16	0
4312.617294	0	1009538	32	1
4314.869173	0	756289	3	1
4347.736281	0	1112708	1	1
4355.474587	0	753528	12	0
4371.133972	0	151861	1	1
4392.028321	0	328496	1	1
4410.808420	0	534145	15	0
4414.532191	0	151862	1	1
4414.863634	0	916624	21	1
4433.231446	0	753528	15	1
4448.906168	0	328533	12	1
4452.548692	0	850450	21	1
4458.566061	0	174691	50	1
4484.024398	0	331840	12	1
4485.654516	0	536632	15	1
4488.115477	0	850516	21	1
4506.710879	0	174741	15	1
4524.296061	0 1087196	50	1
4528.354944	0	576045	1	0
4530.546704	0	113927	21	1
4535.059577	0	894958	15	1
4536.544029	0	331840	12	1
4551.341686	0	576405	3	1
4554.608413	0	762134	15	0
4567.603059	0	331858	1	1
4583.237695	0	894958	15	1
4585.573676	0	670555	12	1
4587.843068	0	894947	1	1
4590.144481	0	645403	1	1
4606.890936	0	850516	1	1
4615.741543	0	996994	1	0
4618.999248	0	331853	1	1
4619.029909	0	850516	1	1
4625.287470	0	670543	1	0
4631.085937	0	894947	30	0
4646.732933	0	762149	1	1
4646.895680	0	288950	21	1
4649.881248	0	93469	1	1
4656.553499	0 901160	5	1
4661.895061	0	93449	1	1
4681.500109	0	887592	1	1
4682.996934	0	1333391	15	1
4684.270125	0	130277	1	1
4711.488400	0 1087243	10	1
4714.605674	0	331855	6	1
4762.510408	0	1845679	21	1
4768.259750	0	1333454	1	1
4789.702304	0	301814	12	1
4793.378299	0 1087253	16	1
4829.187597	0	1733234	1	1
4836.726639	0	1845700	24	1
4873.235136	0	1520840	15	1
4880.416693	0	331813	3	0
4900.074042	0	1327449	1	1
4922.730036	0	894975	15	0
4930.403267	0	331861	15	0
4938.849057	0	130277	1	1
4941.662482	0	1293699	21	0
4955.308867	0	331804	1	1
5007.568713	0	1936321	1	1
5016.633249	0	331793	15	1
5024.380984	0	791024	1	1
5040.051155	0	27098	15	1
5051.228532	0	622022	12	0
5068.853966	0	81288	6	1
5079.490410	0	1306227	15	1
5086.918484	0	622035	21	0
5095.509715	0	81294	15	1
5096.311439	0	1301895	1	0
5115.226185	0	129643	6	1
5129.203453	0	1682471	6	1
5145.221947	0	627607	6	1
5166.143976	0	627620	15	1
5170.581125	0	1733239	3	1
5184.004466	0	1113408	15	1
5185.741050	0	1484316	21	1
5212.982238	0	1113441	12	1
5228.891213	0	1113468	6	0
5244.985012	0	1021765	12	0
5257.569840	0	96897	21	1
5288.894162	0	1113459	12	0
5297.376859	0	1674367	1	1
5301.017786	0	1674366	12	1
5302.131059	0	1237984	1	1
5302.698255	0	1113474	12	0
5328.974748	0	622055	1	1
5336.559125	0	1237898	21	1
5350.399500	0	1674378	3	1
5367.411055	0	1237917	21	1
5369.656591	0	1967456	21	0
5373.703554	0	576425	24	1
5385.228722	0	1803320	21	1
5422.199436	0	1754898	3	1
5425.170413	0	49830	1	1
5434.329001	0	1112945	6	1
5443.760457	0	1803339	1	1
5468.900511	0	1712998	15	1
5472.894300	0	49828	63	1
5482.649704	0	576560	1	1
5517.630430	0	576534	9	1
5528.071771	0	1713013	15	1
5544.081622	0	1082843	21	1
5576.147414	0	1082864	1	1
5584.358761	0	466147	9	1
5588.137237	0	1082970	15	1
5588.316850	0	466147	9	1
5604.276896	0	127857	3	1
5622.547993	0	459713	1	1
5626.818488	0	878818	3	1
5636.331995	0	290201	50	1
5647.940847	0	397835	2	1
5650.330798	0	174955	9	0
5659.839194	0	576448	50	1
5682.683322	0	1713038	3	1
5684.003485	0	615503	3	1
5698.761583	0	1082844	21	1
5721.933431	0	137919	2	1
5734.399858	0	381797	1	0
5744.067077	0	1713187	1	0
5751.627803	0	576862	12	1
5763.946851	0	381797	3	0
5787.764032	0	1728835	15	1
5796.018531	0	1082844	1	1
5834.969738	0	1713188	1	1
5854.109100	0	1082865	1	1
5884.863740	0	648227	30	0
5886.612735	0	1713173	1	1
5892.131706	0	1082824	21	1
5921.500666	0	381770	1	1
5927.662401	0	378662	1	1
5931.556656	0	1082824	16	1
5955.475141	0	133179	9	1
5968.611483	0	1791786	6	1
5988.843672	0	1082824	1	1
6006.540817	0	651392	1	1
6014.255261	0	130281	3	1
6021.218555	0	1082825	21	0
6022.325981	0	133187	1	1
6041.719387	0	133001	9	1
6079.827776	0	115505	21	0
6098.719842	0	240258	9	1
6122.762933	0	508697	2	1
6144.711053	0	838253	21	1
6162.359724	0	378663	30	1
6164.440001	0	451771	6	1
6185.589771	0	1172404	21	1
6213.425303	0	1492708	30	1
6216.254471	0	1886784	1	0
6229.639406	0	508680	9	1
6239.982589	0	1927516	1	1
6260.058055	0 901156	12	1
6273.250838	0	1475408	1	1
6300.047936	0 1087268	2	1
6326.602385	0 1092886	50	1
6333.082546	0	1630561	1	0
6353.548764	0 1092932	1	0
6379.359073	0	1630592	1	1
6391.865217	0 1087258	1	0
6410.249100	0	1363156	12	1
6418.181821	0	601846	3	1
6520.433411	0	1363168	1	1
6561.872961	0	1457259	1	0
6563.261766	0	576934	12	0
6584.431068	0	699058	1	1
6602.903087	0	571467	16	0
6648.413824	0	1457245	30	1
6691.053356	0	2021743	15	1
6711.274794	0	1457260	1	1
6744.360644	0	2021728	6	1
6746.677746	0	2021734	3	1
6749.108743	0	521968	21	1
6769.007024	0	141513	12	0
6791.018362	0	2021735	15	1
6801.623522	0	915998	15	0
6807.205072	0	292225	21	1
6829.431065	0	302152	21	0
6842.364370	0	1116117	21	1
6846.033996	0	928738	15	0
6875.575242	0	1116117	15	1
6883.018982	0	302172	1	0
6916.401970	0	928741	3	1
6950.944358	0	1283411	21	1
6952.531995	0	706162	21	1
6961.985643	0	770954	1	1
7010.536739	0	1283431	21	1
7023.088723	0	1070652	15	1
7064.519159	0	141501	1	1
7085.918538	0	141524	1	1
7093.899824	0	450549	15	1
7099.824085	0	1283452	21	1
7112.737306	0	1113509	6	1
7133.041792	0	1072903	6	1
7144.972630	0	1073449	15	1
7169.614098	0	247368	1	1
7173.142930	0	1073500	6	1
7191.922808	0	770671	6	0
7206.361783	0	1072861	1	1
7212.818017	0	1957529	3	0
7251.997503	0	1957532	3	1
7255.379013	0	1079431	6	1
7269.022730	0	1457306	1	1
7284.951607	0	1079144	12	1
7285.856717	0	796926	12	0
7286.547685	0	191346	15	1
7302.258183	0	972660	3	1
7307.303761	0	770665	1	1
7355.298285	0	770662	15	1
7371.187695	0	793570	15	1
7398.085756	0	793583	2	1
7432.644110	0	1192170	21	1
7454.760712	0	793571	15	1
7477.968566	0	770692	3	1
7501.203120	0	442569	1	1
7501.997456	0	1283515	21	1
7556.256028	0	442645	1	1
7573.824639	0	442646	15	1
7611.354285	0	1291792	1	1
7613.403511	0	442782	15	1
7616.827390	0	1283557	15	1
7649.635120	0	442827	50	1
7671.128858	0	15027	24	0
7693.131195	0	15021	1	0
7712.394600	0	138666	1	1
7715.981910	0	15642	15	0
7717.666896	0	442787	2	1
7718.036813	0	770698	21	0
7739.414793	0	138676	1	0
7742.865670	0	1457292	1	0
7763.766185	0	15007	1	1
7773.051130	0	138672	1	0
7781.776796	0	1834547	1	0
7783.780468	0	1199484	1	1
7786.215291	0	1834549	1	1
7802.831532	0	15007	12	1
7822.773362	0	47926	12	1
7823.350146	0	1758214	12	0
7824.946258	0	1834549	15	1
7834.007239	0	123644	15	1
7839.603661	0	1457292	1	1
7855.101703	0	1804937	1	1
7879.440470	0	1758310	12	1
7902.415954	0	123657	15	1
7908.270129	0	1457292	30	1
7917.860796	0	1951337	2	0
7923.742444	0	1457313	15	0
7925.043811	0	5400	15	0
7935.185298	0	1199484	15	1
7951.548632	0	498226	6	1
7964.009070	0	1851628	12	1
8002.841765	0	973445	15	1
8020.699221	0	123672	12	1
8030.278695	0	978509	1	0
8053.822294	0	123684	12	1
8076.107911	0	973415	1	1
8093.327094	0	884179	15	1
8111.002866	0	123696	21	0
8142.660334	0	138673	1	1
8144.421353	0	1129220	1	0
8155.593604	0	138674	24	1
8155.921356	0	1129220	21	1
8157.931813	0	1129422	1	0
8173.060311	0	136043	1	1
8179.931767	0	1129423	15	0
8181.535472	0	470264	1	1
8189.830151	0	136044	3	1
8201.102523	0	136047	1	0
8217.811095	0	136048	1	1
8237.101602	0	508630	3	0
8244.053661	0	1129450	16	1
8269.157168	0	136049	1	1
8277.352413	0	1129256	16	1
8284.878653	0	136050	1	1
8300.587289	0	138693	1	1
8316.821760	0	1119944	15	1
8339.877398	0	1118997	15	1
8340.248256	0	138694	1	1
8356.717426	0	89744	2	0
8377.888823	0	1119959	1	0
8383.543613	0	1120495	12	1
8392.457459	0	1100366	3	0
8423.539977	0	70029	1	1
8425.195203	0	73174	21	1
8430.578631	0	1120522	50	1
8453.008199	0	70025	6	1
8482.522167	0	1125198	1	0
8484.210862	0	536370	9	1
8523.485328	0	1042069	15	1
8528.483233	0	1039919	15	1
8546.877323	0	369026	1	1
8549.140392	0	536377	2	0
8570.456379	0	369012	1	1
8582.765374	0	536252	6	1
8598.649665	0	536375	1	1
8608.981225	0	1039994	12	1
8638.958600	0	610889	1	1
8640.698940	0	610818	15	1
8649.468565	0	884194	15	1
8654.823028	0	1616155	15	0
8692.099639	0	536378	1	1
8694.591993	0	610833	9	1
8708.356878	0	973412	12	0
8710.492652	0	844037	1	1
8723.062146	0	884209	1	1
8737.592708	0	844017	15	1
8754.266498	0	973400	1	1
8793.233762	0	844050	12	1
8799.690799	0	888431	3	1
8801.770937	0	844196	15	1
8856.352808	0	844489	9	1
8857.706893	0	310069	15	1
8860.559171	0	844163	1	1
8896.017721	0	844498	46	1
8935.606074	0	536370	9	1
8944.578642	0	844544	1	1
8953.893293	0	1552644	16	1
8967.674745	0	648796	6	1
8978.635758	0	448849	15	0
8984.126533	0	1552678	15	1
8987.393832	0	648802	3	0
9038.050725	0	844530	3	1
9043.425704	0	448864	15	0
9045.607681	0	76436	12	1
9060.658564	0	93606	1	1
9079.560219	0	493059	12	1
9091.746188	0	115602	12	0
9100.798299	0	132267	6	1
9146.047000	0	132274	1	0
9164.010195	0	309678	1	0
9172.734869	0	243166	21	1
9185.978003	0	132269	6	0
9193.841876	0	844473	16	1
9194.680679	0	844592	15	1
9203.524957	0	325080	1	1
9210.007592	0	530230	15	1
9223.918670	0	844622	16	1
9224.778380	0	345005	9	1
9250.164947	0	1908349	1	1
9256.486757	0	844489	1	1
9275.548916	0	962852	1	1
9288.740954	0	325018	16	1
9305.607110	0	1908350	1	0
9310.729172	0	861808	12	1
9328.988920	0	861820	1	1
9351.311947	0	345044	9	1
9364.516325	0	1910488	15	0
9369.436151	0	546147	12	1
9382.939528	0	1264851	15	1
9383.568919	0	546159	15	1
9388.062679	0	546159	12	1
9389.615606	0	10730	6	1
9398.772345	0	345053	1	1
9399.603636	0	122411	12	1
9415.121084	0	1937549	1	1
9425.561651	0	138695	6	1
9430.711071	0	122408	50	1
9444.322016	0	1728736	15	0
9446.208442	0	345052	9	1
9453.417529	0	815482	15	1
9461.539638	0	1895770	15	0
9467.083090	0	138695	1	1
9475.476228	0	545647	15	1
9484.306486	0	841431	15	1
9488.683007	0	935953	1	1
9510.830899	0	1937550	21	1
9516.007870	0	295022	2	1
9521.788006	0	545783	6	0
9558.240145	0	841431	1	1
9568.271073	0	1003730	21	1
9595.219140	0	339722	15	1
9598.214965	0	671337	1	0
9603.744281	0	1668699	1	1
9610.739288	0	322124	3	1
9636.666322	0	801786	6	1
9691.446462	0	671338	6	1
9712.701347	0	9860	12	1
9759.081417	0	841432	15	0
9790.877806	0	1668760	9	0
9812.872089	0	841447	3	1
9909.817526	0	1573032	1	1
9961.970752	0	1118123	50	1
9992.253284	0	1906227	30	1
9994.157686	0	1937571	1	0
